4.494146728515625000e+01
3.490316009521484375e+01
3.544552230834960938e+01
1.334294033050537109e+01
2.555807304382324219e+01
4.037945938110351562e+01
3.839583587646484375e+01
3.109659957885742188e+01
1.429126358032226562e+01
9.922939300537109375e+00
3.035435867309570312e+01
3.547734069824218750e+01
1.763682365417480469e+01
3.784647750854492188e+01
3.346850204467773438e+01
4.570661163330078125e+01
3.377497863769531250e+01
3.892997741699218750e+01
5.042664718627929688e+01
2.915092658996582031e+01
2.889803504943847656e+01
1.943247985839843750e+01
2.263888549804687500e+01
1.941937065124511719e+01
2.838600540161132812e+01
3.071478462219238281e+01
2.035855865478515625e+01
3.974337387084960938e+01
2.427890014648437500e+01
2.747390747070312500e+01
2.068325042724609375e+01
4.075960922241210938e+01
2.639738082885742188e+01
2.735557937622070312e+01
3.096180725097656250e+01
5.371783447265625000e+01
1.628666496276855469e+01
2.304797554016113281e+01
4.673876571655273438e+01
2.565117263793945312e+01
3.994729614257812500e+01
4.178546142578125000e+01
3.531649780273437500e+01
4.707180404663085938e+01
2.807394599914550781e+01
3.162233734130859375e+01
2.459461021423339844e+01
